{
 "cells": [
  {
   "cell_type": "code",
   "execution_count": 1,
   "metadata": {},
   "outputs": [
    {
     "data": {
      "text/plain": [
       "{'camera_angle_x': 0.6941835880279541,\n",
       " 'camera_angle_y': 0.47327831387519836,\n",
       " 'fl_x': 2653.8671875,\n",
       " 'fl_y': 2653.8671875,\n",
       " 'k1': 0.0,\n",
       " 'k2': 0.0,\n",
       " 'p1': 0.0,\n",
       " 'p2': 0.0,\n",
       " 'cx': 960.0,\n",
       " 'cy': 540.0,\n",
       " 'w': 1920.0,\n",
       " 'h': 1080.0,\n",
       " 'aabb_scale': 8,\n",
       " 'frames': [{'file_path': 'train\\\\0001.png',\n",
       "   'transform_matrix': [[-0.272744745016098,\n",
       "     0.883466362953186,\n",
       "     -0.38091692328453064,\n",
       "     -1.5488148927688599],\n",
       "    [-0.9620864391326904,\n",
       "     -0.2504565119743347,\n",
       "     0.10798727720975876,\n",
       "     0.4390781819820404],\n",
       "    [0.0, 0.39592787623405457, 0.9182816743850708, 4.7337493896484375],\n",
       "    [0.0, 0.0, 0.0, 1.0]]},\n",
       "  {'file_path': 'train\\\\0002.png',\n",
       "   'transform_matrix': [[0.9971421957015991,\n",
       "     -0.0735258236527443,\n",
       "     -0.01736423186957836,\n",
       "     -0.1036287248134613],\n",
       "    [-0.07554842531681061,\n",
       "     -0.9704465270042419,\n",
       "     -0.2291855663061142,\n",
       "     -1.3677661418914795],\n",
       "    [0.0, 0.2298424243927002, -0.9732279181480408, -4.808167934417725],\n",
       "    [0.0, 0.0, 0.0, 1.0]]},\n",
       "  {'file_path': 'train\\\\0003.png',\n",
       "   'transform_matrix': [[-0.9961601495742798,\n",
       "     -0.061566371470689774,\n",
       "     0.06224644184112549,\n",
       "     0.2642971873283386],\n",
       "    [0.08755020052194595,\n",
       "     -0.7005119323730469,\n",
       "     0.7082499265670776,\n",
       "     3.0072154998779297],\n",
       "    [-3.725290742551124e-09,\n",
       "     0.7109799981117249,\n",
       "     0.7032120823860168,\n",
       "     3.9858250617980957],\n",
       "    [0.0, 0.0, 0.0, 1.0]]},\n",
       "  {'file_path': 'train\\\\0004.png',\n",
       "   'transform_matrix': [[-0.6977230906486511,\n",
       "     0.17499728500843048,\n",
       "     0.6946642994880676,\n",
       "     3.5770699977874756],\n",
       "    [0.7163676023483276,\n",
       "     0.17044271528720856,\n",
       "     0.6765846014022827,\n",
       "     3.483971357345581],\n",
       "    [0.0, 0.9697036743164062, -0.24428418278694153, -0.25790485739707947],\n",
       "    [0.0, 0.0, 0.0, 1.0]]},\n",
       "  {'file_path': 'train\\\\0005.png',\n",
       "   'transform_matrix': [[-0.9631511569023132,\n",
       "     0.0684857964515686,\n",
       "     -0.2600952386856079,\n",
       "     -1.2096928358078003],\n",
       "    [-0.2689606547355652,\n",
       "     -0.24524840712547302,\n",
       "     0.9314039945602417,\n",
       "     4.331923484802246],\n",
       "    [0.0, 0.9670382142066956, 0.25463128089904785, 2.1842801570892334],\n",
       "    [0.0, 0.0, 0.0, 1.0]]},\n",
       "  {'file_path': 'train\\\\0006.png',\n",
       "   'transform_matrix': [[-0.8943121433258057,\n",
       "     0.19104056060314178,\n",
       "     -0.40461018681526184,\n",
       "     -1.8169384002685547],\n",
       "    [-0.44744375348091125,\n",
       "     -0.3818354606628418,\n",
       "     0.8087000846862793,\n",
       "     3.631540298461914],\n",
       "    [0.0, 0.904270589351654, 0.42695993185043335, 2.917301893234253],\n",
       "    [0.0, 0.0, 0.0, 1.0]]},\n",
       "  {'file_path': 'train\\\\0007.png',\n",
       "   'transform_matrix': [[0.9893083572387695,\n",
       "     0.1395348459482193,\n",
       "     -0.0424165278673172,\n",
       "     -0.171140655875206],\n",
       "    [-0.14583942294120789,\n",
       "     0.9465410113334656,\n",
       "     -0.2877344489097595,\n",
       "     -1.160940408706665],\n",
       "    [3.725290298461914e-09,\n",
       "     0.29084402322769165,\n",
       "     0.9567704796791077,\n",
       "     4.860342502593994],\n",
       "    [0.0, 0.0, 0.0, 1.0]]},\n",
       "  {'file_path': 'train\\\\0008.png',\n",
       "   'transform_matrix': [[-0.23034441471099854,\n",
       "     -0.7619678974151611,\n",
       "     -0.6052654981613159,\n",
       "     -3.476757526397705],\n",
       "    [-0.9731091260910034,\n",
       "     0.18036523461341858,\n",
       "     0.1432722508907318,\n",
       "     0.8229824304580688],\n",
       "    [-7.4505797087454084e-09,\n",
       "     0.6219914555549622,\n",
       "     -0.7830241322517395,\n",
       "     -3.4978363513946533],\n",
       "    [0.0, 0.0, 0.0, 1.0]]},\n",
       "  {'file_path': 'train\\\\0009.png',\n",
       "   'transform_matrix': [[0.4337366819381714,\n",
       "     -0.8388455510139465,\n",
       "     -0.3289540410041809,\n",
       "     -1.9466278553009033],\n",
       "    [-0.901039719581604,\n",
       "     -0.40379804372787476,\n",
       "     -0.15834976732730865,\n",
       "     -0.9370551109313965],\n",
       "    [0.0, 0.3650827407836914, -0.930975079536438, -4.509164810180664],\n",
       "    [0.0, 0.0, 0.0, 1.0]]},\n",
       "  {'file_path': 'train\\\\0010.png',\n",
       "   'transform_matrix': [[0.29476362466812134,\n",
       "     0.9089105725288391,\n",
       "     0.2949506938457489,\n",
       "     1.7524893283843994],\n",
       "    [0.9555702805519104,\n",
       "     -0.2803705632686615,\n",
       "     -0.090983085334301,\n",
       "     -0.5405882596969604],\n",
       "    [0.0, 0.3086646497249603, -0.9511709213256836, -4.651510238647461],\n",
       "    [0.0, 0.0, 0.0, 1.0]]},\n",
       "  {'file_path': 'train\\\\0011.png',\n",
       "   'transform_matrix': [[0.15909819304943085,\n",
       "     0.6589973568916321,\n",
       "     0.7351260185241699,\n",
       "     4.125339031219482],\n",
       "    [0.9872628450393677,\n",
       "     -0.10619796067476273,\n",
       "     -0.11846615374088287,\n",
       "     -0.6648017168045044],\n",
       "    [0.0, 0.7446101903915405, -0.6674994826316833, -2.745836019515991],\n",
       "    [0.0, 0.0, 0.0, 1.0]]},\n",
       "  {'file_path': 'train\\\\0012.png',\n",
       "   'transform_matrix': [[0.9983985424041748,\n",
       "     0.03078378364443779,\n",
       "     0.04746290668845177,\n",
       "     0.2597769498825073],\n",
       "    [0.056571803987026215,\n",
       "     -0.5432827472686768,\n",
       "     -0.8376415967941284,\n",
       "     -4.584632396697998],\n",
       "    [0.0, 0.8389851450920105, -0.544154167175293, -1.9782984256744385],\n",
       "    [0.0, 0.0, 0.0, 1.0]]},\n",
       "  {'file_path': 'train\\\\0013.png',\n",
       "   'transform_matrix': [[0.6219445466995239,\n",
       "     -0.35922175645828247,\n",
       "     -0.6958051323890686,\n",
       "     -3.742840528488159],\n",
       "    [-0.7830613851547241,\n",
       "     -0.2853110134601593,\n",
       "     -0.5526415109634399,\n",
       "     -2.9727420806884766],\n",
       "    [-1.4901161193847656e-08,\n",
       "     0.8885704278945923,\n",
       "     -0.4587402939796448,\n",
       "     -1.4676333665847778],\n",
       "    [0.0, 0.0, 0.0, 1.0]]},\n",
       "  {'file_path': 'train\\\\0014.png',\n",
       "   'transform_matrix': [[0.21665821969509125,\n",
       "     -0.9721632599830627,\n",
       "     0.08920702338218689,\n",
       "     0.3571268320083618],\n",
       "    [0.9762475490570068,\n",
       "     0.2157517969608307,\n",
       "     -0.01979767717421055,\n",
       "     -0.07925700396299362],\n",
       "    [-1.862645149230957e-09,\n",
       "     0.09137741476297379,\n",
       "     0.9958162903785706,\n",
       "     4.986599922180176],\n",
       "    [0.0, 0.0, 0.0, 1.0]]},\n",
       "  {'file_path': 'train\\\\0015.png',\n",
       "   'transform_matrix': [[-0.7643793225288391,\n",
       "     -0.6414005160331726,\n",
       "     -0.06580071896314621,\n",
       "     -0.394392192363739],\n",
       "    [-0.6447669267654419,\n",
       "     0.7603884339332581,\n",
       "     0.07800758630037308,\n",
       "     0.4675569534301758],\n",
       "    [0.0, 0.10205332189798355, -0.9947789311408997, -4.9624433517456055],\n",
       "    [0.0, 0.0, 0.0, 1.0]]},\n",
       "  {'file_path': 'train\\\\0016.png',\n",
       "   'transform_matrix': [[-0.13769015669822693,\n",
       "     -0.15522092580795288,\n",
       "     0.9782370924949646,\n",
       "     4.641511917114258],\n",
       "    [0.9904753565788269,\n",
       "     -0.02157791517674923,\n",
       "     0.13598886132240295,\n",
       "     0.6452361345291138],\n",
       "    [0.0, 0.9876441359519958, 0.1567135602235794, 1.74357008934021],\n",
       "    [0.0, 0.0, 0.0, 1.0]]},\n",
       "  {'file_path': 'train\\\\0017.png',\n",
       "   'transform_matrix': [[0.9081823825836182,\n",
       "     -0.27249282598495483,\n",
       "     -0.3177303969860077,\n",
       "     -1.777080774307251],\n",
       "    [-0.4185749590396881,\n",
       "     -0.5912278890609741,\n",
       "     -0.689379870891571,\n",
       "     -3.8557333946228027],\n",
       "    [0.0, 0.7590765953063965, -0.6510013341903687, -2.641080617904663],\n",
       "    [0.0, 0.0, 0.0, 1.0]]},\n",
       "  {'file_path': 'train\\\\0018.png',\n",
       "   'transform_matrix': [[-0.8969907760620117,\n",
       "     -0.00796961598098278,\n",
       "     0.4419774115085602,\n",
       "     2.1572844982147217],\n",
       "    [0.44204920530319214,\n",
       "     -0.016171665862202644,\n",
       "     0.8968451023101807,\n",
       "     4.377486228942871],\n",
       "    [0.0, 0.9998375177383423, 0.018028799444437027, 1.0879982709884644],\n",
       "    [0.0, 0.0, 0.0, 1.0]]},\n",
       "  {'file_path': 'train\\\\0019.png',\n",
       "   'transform_matrix': [[-0.5587546229362488,\n",
       "     -0.4473540782928467,\n",
       "     -0.6983319520950317,\n",
       "     -3.8184800148010254],\n",
       "    [-0.8293330669403076,\n",
       "     0.30140024423599243,\n",
       "     0.47049400210380554,\n",
       "     2.572661876678467],\n",
       "    [1.4901162970204496e-08,\n",
       "     0.842040479183197,\n",
       "     -0.5394142866134644,\n",
       "     -1.9495182037353516],\n",
       "    [0.0, 0.0, 0.0, 1.0]]},\n",
       "  {'file_path': 'train\\\\0020.png',\n",
       "   'transform_matrix': [[0.8605804443359375,\n",
       "     -0.26613277196884155,\n",
       "     -0.4342518746852875,\n",
       "     -2.366368293762207],\n",
       "    [-0.5093145966529846,\n",
       "     -0.4496800899505615,\n",
       "     -0.7337481379508972,\n",
       "     -3.9984130859375],\n",
       "    [0.0, 0.8526201248168945, -0.5225312113761902, -1.847428798675537],\n",
       "    [0.0, 0.0, 0.0, 1.0]]},\n",
       "  {'file_path': 'train\\\\0021.png',\n",
       "   'transform_matrix': [[0.25957125425338745,\n",
       "     -0.47461095452308655,\n",
       "     0.8410512208938599,\n",
       "     3.7276337146759033],\n",
       "    [0.965723991394043,\n",
       "     0.12756787240505219,\n",
       "     -0.22606119513511658,\n",
       "     -1.001928687095642],\n",
       "    [0.0, 0.8709022998809814, 0.49145615100860596, 3.1781890392303467],\n",
       "    [0.0, 0.0, 0.0, 1.0]]},\n",
       "  {'file_path': 'train\\\\0022.png',\n",
       "   'transform_matrix': [[-0.45474475622177124,\n",
       "     0.8199414014816284,\n",
       "     -0.34771180152893066,\n",
       "     -1.4131337404251099],\n",
       "    [-0.8906219005584717,\n",
       "     -0.4186558425426483,\n",
       "     0.17753899097442627,\n",
       "     0.721535325050354],\n",
       "    [0.0, 0.3904145658016205, 0.9206390976905823, 4.741564750671387],\n",
       "    [0.0, 0.0, 0.0, 1.0]]},\n",
       "  {'file_path': 'train\\\\0023.png',\n",
       "   'transform_matrix': [[-0.9721392393112183,\n",
       "     -0.08633557707071304,\n",
       "     0.2179258167743683,\n",
       "     0.9903609156608582],\n",
       "    [0.2344045639038086,\n",
       "     -0.35805702209472656,\n",
       "     0.9037973880767822,\n",
       "     4.107295036315918],\n",
       "    [0.0, 0.9296995401382446, 0.36831873655319214, 2.6738195419311523],\n",
       "    [0.0, 0.0, 0.0, 1.0]]},\n",
       "  {'file_path': 'train\\\\0024.png',\n",
       "   'transform_matrix': [[0.6983349919319153,\n",
       "     -0.6034726500511169,\n",
       "     0.3849013149738312,\n",
       "     1.5888304710388184],\n",
       "    [0.7157710790634155,\n",
       "     0.5887721180915833,\n",
       "     -0.3755251467227936,\n",
       "     -1.5501267910003662],\n",
       "    [-1.4901161193847656e-08,\n",
       "     0.5377436280250549,\n",
       "     0.8431084156036377,\n",
       "     4.480259418487549],\n",
       "    [0.0, 0.0, 0.0, 1.0]]},\n",
       "  {'file_path': 'train\\\\0025.png',\n",
       "   'transform_matrix': [[0.9998552203178406,\n",
       "     0.0016389861702919006,\n",
       "     -0.016939550638198853,\n",
       "     -0.08137117326259613],\n",
       "    [-0.017018655315041542,\n",
       "     0.09629131853580475,\n",
       "     -0.9952077269554138,\n",
       "     -4.780600547790527],\n",
       "    [-1.1641532182693481e-10,\n",
       "     0.9953518509864807,\n",
       "     0.09630525857210159,\n",
       "     1.4626139402389526],\n",
       "    [0.0, 0.0, 0.0, 1.0]]},\n",
       "  {'file_path': 'train\\\\0026.png',\n",
       "   'transform_matrix': [[-0.8034310340881348,\n",
       "     0.2768216133117676,\n",
       "     0.5271323323249817,\n",
       "     2.8390965461730957],\n",
       "    [0.59539794921875,\n",
       "     0.37354356050491333,\n",
       "     0.7113132476806641,\n",
       "     3.8310818672180176],\n",
       "    [-1.4901161193847656e-08,\n",
       "     0.8853445649147034,\n",
       "     -0.4649354815483093,\n",
       "     -1.5041087865829468],\n",
       "    [0.0, 0.0, 0.0, 1.0]]},\n",
       "  {'file_path': 'train\\\\0027.png',\n",
       "   'transform_matrix': [[-0.651629626750946,\n",
       "     -0.4160856604576111,\n",
       "     0.6342329978942871,\n",
       "     2.778611183166504],\n",
       "    [0.7585373520851135,\n",
       "     -0.35744285583496094,\n",
       "     0.5448446869850159,\n",
       "     2.386995792388916],\n",
       "    [-1.4901162970204496e-08,\n",
       "     0.8361263871192932,\n",
       "     0.5485367774963379,\n",
       "     3.4031710624694824],\n",
       "    [0.0, 0.0, 0.0, 1.0]]},\n",
       "  {'file_path': 'train\\\\0028.png',\n",
       "   'transform_matrix': [[0.29775577783584595,\n",
       "     -0.6501033306121826,\n",
       "     -0.6990759372711182,\n",
       "     -3.933753490447998],\n",
       "    [-0.9546421766281128,\n",
       "     -0.2027691900730133,\n",
       "     -0.21804389357566833,\n",
       "     -1.2269495725631714],\n",
       "    [0.0, 0.7322911024093628, -0.6809917092323303, -2.8319921493530273],\n",
       "    [0.0, 0.0, 0.0, 1.0]]},\n",
       "  {'file_path': 'train\\\\0029.png',\n",
       "   'transform_matrix': [[0.24309639632701874,\n",
       "     -0.4036242961883545,\n",
       "     -0.8820382952690125,\n",
       "     -4.703668594360352],\n",
       "    [-0.9700021743774414,\n",
       "     -0.10115400701761246,\n",
       "     -0.2210513800382614,\n",
       "     -1.1788064241409302],\n",
       "    [0.0, 0.909315824508667, -0.41610655188560486, -1.2189823389053345],\n",
       "    [0.0, 0.0, 0.0, 1.0]]},\n",
       "  {'file_path': 'train\\\\0030.png',\n",
       "   'transform_matrix': [[-0.07706999778747559,\n",
       "     -0.6519081592559814,\n",
       "     0.7543712258338928,\n",
       "     3.2351722717285156],\n",
       "    [0.997025728225708,\n",
       "     -0.05039244517683983,\n",
       "     0.058312833309173584,\n",
       "     0.25007855892181396],\n",
       "    [-3.725290298461914e-09,\n",
       "     0.7566217184066772,\n",
       "     0.6538528800010681,\n",
       "     3.8040926456451416],\n",
       "    [0.0, 0.0, 0.0, 1.0]]},\n",
       "  {'file_path': 'train\\\\0031.png',\n",
       "   'transform_matrix': [[-0.46749547123908997,\n",
       "     -0.024148395285010338,\n",
       "     0.8836655616760254,\n",
       "     4.30498743057251],\n",
       "    [0.883995532989502,\n",
       "     -0.012770726345479488,\n",
       "     0.4673209488391876,\n",
       "     2.276665449142456],\n",
       "    [0.0, 0.9996268153190613, 0.02731732651591301, 1.1330828666687012],\n",
       "    [0.0, 0.0, 0.0, 1.0]]},\n",
       "  {'file_path': 'train\\\\0032.png',\n",
       "   'transform_matrix': [[-0.42764559388160706,\n",
       "     0.6905473470687866,\n",
       "     0.5833211541175842,\n",
       "     3.33782696723938],\n",
       "    [0.903946578502655,\n",
       "     0.3266891539096832,\n",
       "     0.2759617865085602,\n",
       "     1.5790832042694092],\n",
       "    [-1.4901162970204496e-08,\n",
       "     0.6453049182891846,\n",
       "     -0.7639250755310059,\n",
       "     -3.3712620735168457],\n",
       "    [0.0, 0.0, 0.0, 1.0]]},\n",
       "  {'file_path': 'train\\\\0033.png',\n",
       "   'transform_matrix': [[-0.1808064877986908,\n",
       "     0.8850042223930359,\n",
       "     0.42904147505760193,\n",
       "     2.5230937004089355],\n",
       "    [0.9835187196731567,\n",
       "     0.16269594430923462,\n",
       "     0.0788734182715416,\n",
       "     0.46383634209632874],\n",
       "    [0.0, 0.4362311363220215, -0.8998346328735352, -4.291719436645508],\n",
       "    [0.0, 0.0, 0.0, 1.0]]},\n",
       "  {'file_path': 'train\\\\0034.png',\n",
       "   'transform_matrix': [[-0.3012060821056366,\n",
       "     0.1839504987001419,\n",
       "     0.9356479644775391,\n",
       "     4.767767906188965],\n",
       "    [0.9535591006278992,\n",
       "     0.058105483651161194,\n",
       "     0.2955484092235565,\n",
       "     1.5060217380523682],\n",
       "    [0.0, 0.981216549873352, -0.1929093897342682, 0.016994424164295197],\n",
       "    [0.0, 0.0, 0.0, 1.0]]},\n",
       "  {'file_path': 'train\\\\0035.png',\n",
       "   'transform_matrix': [[0.8802109360694885,\n",
       "     -0.47047004103660583,\n",
       "     0.06234375387430191,\n",
       "     0.24980765581130981],\n",
       "    [0.4745827913284302,\n",
       "     0.8725830316543579,\n",
       "     -0.11562925577163696,\n",
       "     -0.46331942081451416],\n",
       "    [0.0, 0.1313653141260147, 0.991334080696106, 4.97221565246582],\n",
       "    [0.0, 0.0, 0.0, 1.0]]},\n",
       "  {'file_path': 'train\\\\0036.png',\n",
       "   'transform_matrix': [[0.9101178646087646,\n",
       "     0.3154056668281555,\n",
       "     -0.2687095105648041,\n",
       "     -1.1276551485061646],\n",
       "    [-0.4143495261669159,\n",
       "     0.6927878856658936,\n",
       "     -0.5902198553085327,\n",
       "     -2.4768922328948975],\n",
       "    [0.0, 0.6485093235969543, 0.7612066864967346, 4.194448471069336],\n",
       "    [0.0, 0.0, 0.0, 1.0]]},\n",
       "  {'file_path': 'train\\\\0037.png',\n",
       "   'transform_matrix': [[0.7684012055397034,\n",
       "     -0.59595787525177,\n",
       "     -0.23322522640228271,\n",
       "     -1.3802108764648438],\n",
       "    [-0.6399685740470886,\n",
       "     -0.7155581116676331,\n",
       "     -0.280030220746994,\n",
       "     -1.6571996212005615],\n",
       "    [1.4901162970204496e-08,\n",
       "     0.3644322156906128,\n",
       "     -0.931229829788208,\n",
       "     -4.5109543800354],\n",
       "    [0.0, 0.0, 0.0, 1.0]]},\n",
       "  {'file_path': 'train\\\\0038.png',\n",
       "   'transform_matrix': [[-0.9683502912521362,\n",
       "     0.2051623910665512,\n",
       "     0.14214807748794556,\n",
       "     0.8229578733444214],\n",
       "    [0.249595046043396,\n",
       "     0.7959655523300171,\n",
       "     0.5514898300170898,\n",
       "     3.1928176879882812],\n",
       "    [0.0, 0.5695147514343262, -0.8219810128211975, -3.758810520172119],\n",
       "    [0.0, 0.0, 0.0, 1.0]]},\n",
       "  {'file_path': 'train\\\\0039.png',\n",
       "   'transform_matrix': [[0.2571595311164856,\n",
       "     -0.5791399478912354,\n",
       "     0.7736057639122009,\n",
       "     3.3545126914978027],\n",
       "    [0.9663690328598022,\n",
       "     0.15411438047885895,\n",
       "     -0.20586347579956055,\n",
       "     -0.8926661014556885],\n",
       "    [-7.450581485102248e-09,\n",
       "     0.800528347492218,\n",
       "     0.599294900894165,\n",
       "     3.598665237426758],\n",
       "    [0.0, 0.0, 0.0, 1.0]]},\n",
       "  {'file_path': 'train\\\\0040.png',\n",
       "   'transform_matrix': [[-0.6798580884933472,\n",
       "     -0.0582885779440403,\n",
       "     -0.7310235500335693,\n",
       "     -3.6398448944091797],\n",
       "    [-0.7333437204360962,\n",
       "     0.05403736233711243,\n",
       "     0.6777071356773376,\n",
       "     3.3743765354156494],\n",
       "    [0.0, 0.9968361854553223, -0.07948330044746399, 0.6042441129684448],\n",
       "    [0.0, 0.0, 0.0, 1.0]]},\n",
       "  {'file_path': 'train\\\\0041.png',\n",
       "   'transform_matrix': [[0.7682125568389893,\n",
       "     0.6279207468032837,\n",
       "     -0.12475959956645966,\n",
       "     -0.5009563565254211],\n",
       "    [-0.640194833278656,\n",
       "     0.7534840703010559,\n",
       "     -0.1497073769569397,\n",
       "     -0.6011309623718262],\n",
       "    [0.0, 0.19487763941287994, 0.9808275699615479, 4.938388824462891],\n",
       "    [0.0, 0.0, 0.0, 1.0]]},\n",
       "  {'file_path': 'train\\\\0042.png',\n",
       "   'transform_matrix': [[0.23986652493476868,\n",
       "     -0.4764895737171173,\n",
       "     -0.8458261489868164,\n",
       "     -4.57957649230957],\n",
       "    [-0.9708059430122375,\n",
       "     -0.11773093789815903,\n",
       "     -0.2089865356683731,\n",
       "     -1.1315207481384277],\n",
       "    [0.0, 0.8712618350982666, -0.4908185303211212, -1.6574504375457764],\n",
       "    [0.0, 0.0, 0.0, 1.0]]},\n",
       "  {'file_path': 'train\\\\0043.png',\n",
       "   'transform_matrix': [[0.5435712337493896,\n",
       "     0.8191233277320862,\n",
       "     0.1832137107849121,\n",
       "     1.0939910411834717],\n",
       "    [0.8393630385398865,\n",
       "     -0.5304639935493469,\n",
       "     -0.11864914000034332,\n",
       "     -0.7084682583808899],\n",
       "    [0.0, 0.2182772159576416, -0.9758868217468262, -4.827137470245361],\n",
       "    [0.0, 0.0, 0.0, 1.0]]},\n",
       "  {'file_path': 'train\\\\0044.png',\n",
       "   'transform_matrix': [[-0.990568995475769,\n",
       "     -0.13674576580524445,\n",
       "     -0.00858393870294094,\n",
       "     -0.051483403891325],\n",
       "    [-0.13701492547988892,\n",
       "     0.9886230826377869,\n",
       "     0.06205881014466286,\n",
       "     0.3722066283226013],\n",
       "    [9.31322685637781e-10,\n",
       "     0.0626494288444519,\n",
       "     -0.9980354905128479,\n",
       "     -4.985861301422119],\n",
       "    [0.0, 0.0, 0.0, 1.0]]},\n",
       "  {'file_path': 'train\\\\0045.png',\n",
       "   'transform_matrix': [[0.6457708477973938,\n",
       "     0.6597405672073364,\n",
       "     0.3843468427658081,\n",
       "     2.2440710067749023],\n",
       "    [0.7635313272476196,\n",
       "     -0.5579878687858582,\n",
       "     -0.32506847381591797,\n",
       "     -1.8979647159576416],\n",
       "    [1.4901161193847656e-08,\n",
       "     0.5033805966377258,\n",
       "     -0.8640648126602173,\n",
       "     -4.044981479644775],\n",
       "    [0.0, 0.0, 0.0, 1.0]]},\n",
       "  {'file_path': 'train\\\\0046.png',\n",
       "   'transform_matrix': [[-0.8021441698074341,\n",
       "     -0.5573973655700684,\n",
       "     -0.21417951583862305,\n",
       "     -1.268066644668579],\n",
       "    [-0.5971304178237915,\n",
       "     0.7487695217132568,\n",
       "     0.2877141237258911,\n",
       "     1.7034339904785156],\n",
       "    [0.0, 0.35868126153945923, -0.9334600567817688, -4.526623725891113],\n",
       "    [0.0, 0.0, 0.0, 1.0]]},\n",
       "  {'file_path': 'train\\\\0047.png',\n",
       "   'transform_matrix': [[0.2979883849620819,\n",
       "     0.5177419781684875,\n",
       "     -0.8019639253616333,\n",
       "     -3.517838716506958],\n",
       "    [-0.9545695781707764,\n",
       "     0.1616237312555313,\n",
       "     -0.25034940242767334,\n",
       "     -1.0981651544570923],\n",
       "    [0.0, 0.8401315212249756, 0.5423827171325684, 3.379178047180176],\n",
       "    [0.0, 0.0, 0.0, 1.0]]},\n",
       "  {'file_path': 'train\\\\0048.png',\n",
       "   'transform_matrix': [[-0.40798360109329224,\n",
       "     0.8193856477737427,\n",
       "     0.4026866555213928,\n",
       "     2.36698579788208],\n",
       "    [0.9129892587661743,\n",
       "     0.36615538597106934,\n",
       "     0.1799468696117401,\n",
       "     1.0577248334884644],\n",
       "    [0.0, 0.44106391072273254, -0.8974756598472595, -4.275347709655762],\n",
       "    [0.0, 0.0, 0.0, 1.0]]},\n",
       "  {'file_path': 'train\\\\0049.png',\n",
       "   'transform_matrix': [[-0.015477578155696392,\n",
       "     -0.28995567560195923,\n",
       "     -0.9569149017333984,\n",
       "     -4.973608493804932],\n",
       "    [-0.999880313873291,\n",
       "     0.004488348960876465,\n",
       "     0.014812498353421688,\n",
       "     0.07698862999677658],\n",
       "    [4.656613428188905e-10,\n",
       "     0.9570295214653015,\n",
       "     -0.2899904251098633,\n",
       "     -0.5072383880615234],\n",
       "    [0.0, 0.0, 0.0, 1.0]]},\n",
       "  {'file_path': 'train\\\\0050.png',\n",
       "   'transform_matrix': [[0.9991706609725952,\n",
       "     -0.040715113282203674,\n",
       "     -0.00047094354522414505,\n",
       "     -0.0028256233781576157],\n",
       "    [-0.04071783646941185,\n",
       "     -0.9991039037704468,\n",
       "     -0.011556434445083141,\n",
       "     -0.06933767348527908],\n",
       "    [0.0, 0.011564286425709724, -0.9999331831932068, -4.999518394470215],\n",
       "    [0.0, 0.0, 0.0, 1.0]]},\n",
       "  {'file_path': 'train\\\\0051.png',\n",
       "   'transform_matrix': [[0.1355815827846527,\n",
       "     -0.9025594592094421,\n",
       "     0.4086613357067108,\n",
       "     1.6640634536743164],\n",
       "    [0.9907662272453308,\n",
       "     0.1235109195113182,\n",
       "     -0.05592333525419235,\n",
       "     -0.22771906852722168],\n",
       "    [0.0, 0.4124701917171478, 0.9109712243080139, 4.709462642669678],\n",
       "    [0.0, 0.0, 0.0, 1.0]]},\n",
       "  {'file_path': 'train\\\\0052.png',\n",
       "   'transform_matrix': [[-0.6713446974754333,\n",
       "     -0.4948371350765228,\n",
       "     0.5517540574073792,\n",
       "     2.3596324920654297],\n",
       "    [0.7411453127861023,\n",
       "     -0.44823363423347473,\n",
       "     0.49979016184806824,\n",
       "     2.1374034881591797],\n",
       "    [-1.4901162970204496e-08,\n",
       "     0.7444614768028259,\n",
       "     0.667665421962738,\n",
       "     3.855339288711548],\n",
       "    [0.0, 0.0, 0.0, 1.0]]},\n",
       "  {'file_path': 'train\\\\0053.png',\n",
       "   'transform_matrix': [[0.5163619518280029,\n",
       "     -0.4358585476875305,\n",
       "     0.7371550798416138,\n",
       "     3.2555618286132812],\n",
       "    [0.8563705086708069,\n",
       "     0.262807697057724,\n",
       "     -0.44447916746139526,\n",
       "     -1.9629918336868286],\n",
       "    [1.4901164746561335e-08,\n",
       "     0.860789954662323,\n",
       "     0.5089602470397949,\n",
       "     3.247765302658081],\n",
       "    [0.0, 0.0, 0.0, 1.0]]},\n",
       "  {'file_path': 'train\\\\0054.png',\n",
       "   'transform_matrix': [[0.5376285314559937,\n",
       "     0.7813190221786499,\n",
       "     -0.3170112371444702,\n",
       "     -1.2868160009384155],\n",
       "    [-0.843181848526001,\n",
       "     0.49818360805511475,\n",
       "     -0.20213228464126587,\n",
       "     -0.8204979300498962],\n",
       "    [1.4901161193847656e-08,\n",
       "     0.3759702444076538,\n",
       "     0.9266318082809448,\n",
       "     4.761395454406738],\n",
       "    [0.0, 0.0, 0.0, 1.0]]},\n",
       "  {'file_path': 'train\\\\0055.png',\n",
       "   'transform_matrix': [[-0.21250329911708832,\n",
       "     -0.9294727444648743,\n",
       "     -0.3015340268611908,\n",
       "     -1.7916145324707031],\n",
       "    [-0.9771603345870972,\n",
       "     0.20213265717029572,\n",
       "     0.06557467579841614,\n",
       "     0.38962286710739136],\n",
       "    [0.0, 0.30858200788497925, -0.9511977434158325, -4.651699542999268],\n",
       "    [0.0, 0.0, 0.0, 1.0]]},\n",
       "  {'file_path': 'train\\\\0056.png',\n",
       "   'transform_matrix': [[0.2642712891101837,\n",
       "     -0.8588261604309082,\n",
       "     -0.43883731961250305,\n",
       "     -2.575860023498535],\n",
       "    [-0.9644484519958496,\n",
       "     -0.23532943427562714,\n",
       "     -0.12024708092212677,\n",
       "     -0.7058188319206238],\n",
       "    [0.0, 0.4550139009952545, -0.8904843330383301, -4.226909637451172],\n",
       "    [0.0, 0.0, 0.0, 1.0]]},\n",
       "  {'file_path': 'train\\\\0057.png',\n",
       "   'transform_matrix': [[0.48591721057891846,\n",
       "     0.06762250512838364,\n",
       "     -0.8713849186897278,\n",
       "     -4.202009201049805],\n",
       "    [-0.8740049004554749,\n",
       "     0.037595830857753754,\n",
       "     -0.48446059226989746,\n",
       "     -2.3361752033233643],\n",
       "    [3.725290298461914e-09,\n",
       "     0.9970024228096008,\n",
       "     0.07737085223197937,\n",
       "     1.3730992078781128],\n",
       "    [0.0, 0.0, 0.0, 1.0]]},\n",
       "  {'file_path': 'train\\\\0058.png',\n",
       "   'transform_matrix': [[0.9868748188018799,\n",
       "     0.13987135887145996,\n",
       "     -0.08071009069681168,\n",
       "     -0.3316226601600647],\n",
       "    [-0.16148719191551208,\n",
       "     0.8547768592834473,\n",
       "     -0.4932326674461365,\n",
       "     -2.0266005992889404],\n",
       "    [0.0, 0.4997923970222473, 0.8661451935768127, 4.558828353881836],\n",
       "    [0.0, 0.0, 0.0, 1.0]]},\n",
       "  {'file_path': 'train\\\\0059.png',\n",
       "   'transform_matrix': [[0.9347610473632812,\n",
       "     0.3258300721645355,\n",
       "     0.14162153005599976,\n",
       "     0.8357369303703308],\n",
       "    [0.3552771806716919,\n",
       "     -0.8572834134101868,\n",
       "     -0.3726169168949127,\n",
       "     -2.1988868713378906],\n",
       "    [-7.450580596923828e-09,\n",
       "     0.39862266182899475,\n",
       "     -0.9171149730682373,\n",
       "     -4.412078857421875],\n",
       "    [0.0, 0.0, 0.0, 1.0]]},\n",
       "  {'file_path': 'train\\\\0060.png',\n",
       "   'transform_matrix': [[0.03462953492999077,\n",
       "     0.9554879069328308,\n",
       "     0.2929910719394684,\n",
       "     1.7425525188446045],\n",
       "    [0.99940025806427,\n",
       "     -0.03310795873403549,\n",
       "     -0.010152233764529228,\n",
       "     -0.0603799968957901],\n",
       "    [0.0, 0.29316699504852295, -0.9560612440109253, -4.686135292053223],\n",
       "    [0.0, 0.0, 0.0, 1.0]]},\n",
       "  {'file_path': 'train\\\\0061.png',\n",
       "   'transform_matrix': [[0.43716350197792053,\n",
       "     -0.2579073905944824,\n",
       "     0.8616101145744324,\n",
       "     3.981159210205078],\n",
       "    [0.8993821144104004,\n",
       "     0.12536127865314484,\n",
       "     -0.4188036024570465,\n",
       "     -1.9351255893707275],\n",
       "    [0.0, 0.9580022692680359, 0.2867606580257416, 2.325007438659668],\n",
       "    [0.0, 0.0, 0.0, 1.0]]},\n",
       "  {'file_path': 'train\\\\0062.png',\n",
       "   'transform_matrix': [[-0.33791473507881165,\n",
       "     -0.415665864944458,\n",
       "     -0.8444142937660217,\n",
       "     -4.526475429534912],\n",
       "    [-0.9411768317222595,\n",
       "     0.14923830330371857,\n",
       "     0.303173691034317,\n",
       "     1.6251599788665771],\n",
       "    [0.0, 0.8971899151802063, -0.4416448771953583, -1.3674336671829224],\n",
       "    [0.0, 0.0, 0.0, 1.0]]},\n",
       "  {'file_path': 'train\\\\0063.png',\n",
       "   'transform_matrix': [[0.14924241602420807,\n",
       "     0.7623161673545837,\n",
       "     0.6297623515129089,\n",
       "     3.608677864074707],\n",
       "    [0.9888006448745728,\n",
       "     -0.11505848914384842,\n",
       "     -0.09505177289247513,\n",
       "     -0.5446677207946777],\n",
       "    [0.0, 0.6368951797485352, -0.7709503173828125, -3.4177157878875732],\n",
       "    [0.0, 0.0, 0.0, 1.0]]},\n",
       "  {'file_path': 'train\\\\0064.png',\n",
       "   'transform_matrix': [[-0.5104252696037292,\n",
       "     -0.35102322697639465,\n",
       "     -0.7850151658058167,\n",
       "     -4.179546356201172],\n",
       "    [-0.8599221706390381,\n",
       "     0.20835739374160767,\n",
       "     0.46596261858940125,\n",
       "     2.4808595180511475],\n",
       "    [1.4901159417490817e-08,\n",
       "     0.9128910899162292,\n",
       "     -0.40820351243019104,\n",
       "     -1.1733407974243164],\n",
       "    [0.0, 0.0, 0.0, 1.0]]},\n",
       "  {'file_path': 'train\\\\0065.png',\n",
       "   'transform_matrix': [[-0.43037259578704834,\n",
       "     0.8498970866203308,\n",
       "     0.30406299233436584,\n",
       "     1.803153157234192],\n",
       "    [0.902651309967041,\n",
       "     0.40522006154060364,\n",
       "     0.14497335255146027,\n",
       "     0.8597204685211182],\n",
       "    [0.0, 0.33685538172721863, -0.9415563941001892, -4.583614349365234],\n",
       "    [0.0, 0.0, 0.0, 1.0]]},\n",
       "  {'file_path': 'train\\\\0066.png',\n",
       "   'transform_matrix': [[0.45283547043800354,\n",
       "     -0.08883930742740631,\n",
       "     -0.8871570229530334,\n",
       "     -4.435460090637207],\n",
       "    [-0.8915941119194031,\n",
       "     -0.0451209731400013,\n",
       "     -0.45058193802833557,\n",
       "     -2.252744674682617],\n",
       "    [0.0, 0.9950234293937683, -0.09964098036289215, 0.501831591129303],\n",
       "    [0.0, 0.0, 0.0, 1.0]]},\n",
       "  {'file_path': 'train\\\\0067.png',\n",
       "   'transform_matrix': [[-0.9986302852630615,\n",
       "     -0.0468590073287487,\n",
       "     0.02327652834355831,\n",
       "     0.09507474303245544],\n",
       "    [0.052321720868349075,\n",
       "     -0.894366979598999,\n",
       "     0.4442637860774994,\n",
       "     1.814629077911377],\n",
       "    [-1.8626449271863521e-09,\n",
       "     0.44487303495407104,\n",
       "     0.8955936431884766,\n",
       "     4.658120155334473],\n",
       "    [0.0, 0.0, 0.0, 1.0]]},\n",
       "  {'file_path': 'train\\\\0068.png',\n",
       "   'transform_matrix': [[0.9158501625061035,\n",
       "     0.29732564091682434,\n",
       "     -0.26984450221061707,\n",
       "     -1.1371594667434692],\n",
       "    [-0.40152034163475037,\n",
       "     0.6781866550445557,\n",
       "     -0.6155033707618713,\n",
       "     -2.5938103199005127],\n",
       "    [1.4901161193847656e-08,\n",
       "     0.6720569133758545,\n",
       "     0.7404994964599609,\n",
       "     4.120560169219971],\n",
       "    [0.0, 0.0, 0.0, 1.0]]},\n",
       "  {'file_path': 'train\\\\0069.png',\n",
       "   'transform_matrix': [[0.5370504260063171,\n",
       "     0.3725084364414215,\n",
       "     0.7568449974060059,\n",
       "     4.057020664215088],\n",
       "    [0.8435502648353577,\n",
       "     -0.2371593415737152,\n",
       "     -0.48184913396835327,\n",
       "     -2.5829224586486816],\n",
       "    [0.0, 0.8972139358520508, -0.44159606099128723, -1.3671482801437378],\n",
       "    [0.0, 0.0, 0.0, 1.0]]},\n",
       "  {'file_path': 'train\\\\0070.png',\n",
       "   'transform_matrix': [[0.8945353031158447,\n",
       "     0.3598075211048126,\n",
       "     0.2652268409729004,\n",
       "     1.5302557945251465],\n",
       "    [0.4469974637031555,\n",
       "     -0.7200499773025513,\n",
       "     -0.5307742953300476,\n",
       "     -3.062361478805542],\n",
       "    [-1.4901159417490817e-08,\n",
       "     0.5933521389961243,\n",
       "     -0.8049431443214417,\n",
       "     -3.6442089080810547],\n",
       "    [0.0, 0.0, 0.0, 1.0]]},\n",
       "  {'file_path': 'train\\\\0071.png',\n",
       "   'transform_matrix': [[0.4451603293418884,\n",
       "     -0.7869747281074524,\n",
       "     -0.4272036552429199,\n",
       "     -2.5017240047454834],\n",
       "    [-0.8954509496688843,\n",
       "     -0.391232967376709,\n",
       "     -0.21237803995609283,\n",
       "     -1.2436954975128174],\n",
       "    [0.0, 0.4770822525024414, -0.8788588047027588, -4.146636962890625],\n",
       "    [0.0, 0.0, 0.0, 1.0]]},\n",
       "  {'file_path': 'train\\\\0072.png',\n",
       "   'transform_matrix': [[0.9825038909912109,\n",
       "     0.18623057007789612,\n",
       "     0.002087243366986513,\n",
       "     0.012523303739726543],\n",
       "    [0.18624228239059448,\n",
       "     -0.9824420809745789,\n",
       "     -0.01101105846464634,\n",
       "     -0.06606552004814148],\n",
       "    [2.3283067140944524e-10,\n",
       "     0.011205978691577911,\n",
       "     -0.9999371767044067,\n",
       "     -4.999547958374023],\n",
       "    [0.0, 0.0, 0.0, 1.0]]},\n",
       "  {'file_path': 'train\\\\0073.png',\n",
       "   'transform_matrix': [[-0.7715997099876404,\n",
       "     -0.6340729594230652,\n",
       "     -0.05084623768925667,\n",
       "     -0.3048822283744812],\n",
       "    [-0.6361083388328552,\n",
       "     0.7691308259963989,\n",
       "     0.0616765096783638,\n",
       "     0.36982226371765137],\n",
       "    [0.0, 0.07993390411138535, -0.9968002438545227, -4.9769744873046875],\n",
       "    [0.0, 0.0, 0.0, 1.0]]},\n",
       "  {'file_path': 'train\\\\0074.png',\n",
       "   'transform_matrix': [[-0.3039624094963074,\n",
       "     -0.9003993272781372,\n",
       "     -0.31126803159713745,\n",
       "     -1.8471989631652832],\n",
       "    [-0.9526840448379517,\n",
       "     0.28728052973747253,\n",
       "     0.09931287169456482,\n",
       "     0.5893654823303223],\n",
       "    [0.0, 0.3267275094985962, -0.9451186656951904, -4.6087422370910645],\n",
       "    [0.0, 0.0, 0.0, 1.0]]},\n",
       "  {'file_path': 'train\\\\0075.png',\n",
       "   'transform_matrix': [[0.7265700101852417,\n",
       "     -0.6357846260070801,\n",
       "     0.26052629947662354,\n",
       "     1.0578086376190186],\n",
       "    [0.6870924234390259,\n",
       "     0.6723142266273499,\n",
       "     -0.27549508213996887,\n",
       "     -1.1185860633850098],\n",
       "    [0.0, 0.37917205691337585, 0.9253261685371399, 4.757079601287842],\n",
       "    [0.0, 0.0, 0.0, 1.0]]},\n",
       "  {'file_path': 'train\\\\0076.png',\n",
       "   'transform_matrix': [[0.9527595043182373,\n",
       "     0.18095917999744415,\n",
       "     0.24393290281295776,\n",
       "     1.349161982536316],\n",
       "    [0.3037260174751282,\n",
       "     -0.5676516890525818,\n",
